$ 1 0.000005 10.20027730826997 50 5 43 5e-11
368 416 464 480 464 0 0
g 416 512 416 544 0 0
r 416 464 416 512 0 1800
r 336 464 416 464 0 100000
174 64 592 80 688 1 100000 0.9950000000000001 Freq control
a 256 464 336 464 8 10 -10 1000000 -0.00008651545935918106 0 100000
r 80 640 144 640 0 100000
w 0 592 64 592 0
R 64 688 64 720 0 0 40 -12 0 0 0.5
g 256 480 256 512 0 0
174 64 400 80 496 1 10000 0.005 Freq amount
R 64 400 16 400 0 1 40 5 0 0 0.5
r 80 448 144 448 0 100000
g 64 496 64 528 0 0
w 144 448 144 640 0
w 144 448 256 448 0
403 512 288 640 352 0 0_64_0_4354_0.3125_0.1_-1_2_0_3
368 336 464 368 416 0 0
403 304 224 432 288 0 17_64_0_4354_20_0.1_-1_2_17_3
368 144 448 160 416 0 0
403 32 256 160 320 0 19_64_0_4354_2.5_0.1_-1_2_19_3
r 304 352 336 352 0 68000
w 336 352 336 464 0
174 304 352 272 352 1 50000 0.9950000000000001 Freq Trim
w 288 368 288 384 0
w 288 384 272 384 0
w 272 384 272 352 0
w 272 352 256 352 0
w 256 352 256 448 0
g 0 592 0 624 0 0
