$ 1 0.000005 26.59566520631553 50 5 43 5e-11
R 192 192 128 192 0 1 1000 2.58 2.58 0 0.5
403 80 80 208 144 0 0_64_0_4354_10_0.1_-1_2_0_3
209 192 192 256 192 0 0.0000022 2.5825583531109446 0.001 1
209 480 208 544 208 0 0.000009999999999999999 -0.08894348884843417 0.001 1
a 352 208 448 208 9 10 -10 1000000 -1.4526840767034535 -1.4527334679620612 100000
r 352 272 352 336 0 100000
r 352 272 448 272 0 240000
w 352 224 352 272 0
w 448 208 448 272 0
w 256 192 352 192 0
g 352 336 352 368 0 0
r 256 192 256 272 0 68000
g 256 272 256 288 0 0
w 448 208 480 208 0
r 480 208 480 304 0 51000
r 480 304 480 400 0 3000
g 480 400 480 432 0 0
368 480 304 560 400 0 0
403 528 448 656 512 0 17_64_0_4354_0.625_0.1_-1_2_17_3
a 592 224 720 224 8 15 -15 1000000 -0.000048500853702359035 0 100000
r 544 208 592 208 0 100000
r 592 160 720 160 0 100000
w 592 160 592 208 0
w 720 160 720 224 0
g 592 240 592 272 0 0
368 256 192 320 128 0 0
403 272 16 400 80 0 25_64_0_4354_5_0.1_-1_2_25_3
368 448 208 480 160 0 0
403 464 48 592 112 0 27_64_0_4354_20_0.1_-1_2_27_3
174 752 224 752 288 1 2000 0.5891000000000001 Resistance
w 720 224 752 224 0
g 752 288 752 320 0 0
368 768 256 816 256 0 0
403 816 128 944 192 0 32_64_0_4354_5_0.1_-1_2_32_3
