$ 1 0.000005 10.20027730826997 50 5 43 5e-11
174 144 0 160 96 1 100000 0.005 Resistance
R 144 0 144 -32 0 0 40 12 0 0 0.5
g 144 96 144 128 0 0
a 256 64 336 64 9 15 -15 1000000 11.939880601193988 11.94 100000
w 160 48 256 48 0
w 256 80 256 112 0
w 256 112 336 112 0
w 336 112 336 64 0
r 336 64 416 64 0 100000
r 416 64 416 112 0 1800
g 416 112 416 144 0 0
368 416 64 480 64 0 0
403 464 112 592 176 0 11_64_0_4354_0.3125_0.1_-1_2_11_3
368 544 480 608 480 0 0
g 544 528 544 560 0 0
r 544 480 544 528 0 3300
r 464 480 544 480 0 150000
174 64 592 80 688 1 100000 0.5 Res control
a 256 464 336 464 8 10 -10 1000000 0.0000981289682991003 0 100000
r 80 640 144 640 0 100000
w 0 592 64 592 0
R 64 688 64 720 0 0 40 12 0 0 0.5
g 256 480 256 512 0 0
174 64 400 80 496 1 10000 0.005 Res amount
R 64 400 16 400 0 1 40 5 0 0 0.5
r 80 448 144 448 0 100000
g 64 496 64 528 0 0
w 144 448 144 640 0
w 144 448 256 448 0
403 512 288 640 352 0 13_64_0_4354_0.3125_0.1_-1_2_13_3
368 336 464 368 416 0 0
403 304 224 432 288 0 30_64_0_4354_20_0.1_-1_2_30_3
368 144 448 160 416 0 0
403 32 256 160 320 0 32_64_0_4354_0.000152587890625_0.1_-1_2_32_3
a 400 480 464 480 8 10 -10 1000000 -0.00009812700575898517 0 100000
g 400 496 400 528 0 0
r 400 464 336 464 0 100000
r 400 416 464 416 0 100000
w 400 416 400 464 0
w 464 416 464 480 0
r 304 352 336 352 0 68000
w 336 352 336 464 0
174 304 352 272 352 1 50000 0.6485000000000001 Reso Trim
w 288 368 288 384 0
w 288 384 272 384 0
w 272 384 272 352 0
w 272 352 256 352 0
w 256 352 256 448 0
g 0 592 0 624 0 0
R 864 160 816 160 0 1 40 5 0 0 0.5
r 864 160 944 160 0 33000
174 960 176 960 256 1 100000 0.5 Resistance
w 944 160 960 160 0
w 960 160 960 176 0
g 960 272 960 304 0 0
d 976 224 1120 224 2 1N4148
r 1120 224 1120 320 0 120000
174 1040 320 1040 400 1 100000 0.5 Resistance
w 1056 368 1120 368 0
w 1120 368 1120 320 0
R 1040 320 1040 288 0 0 40 12 0 0 0.5
g 1040 416 1040 432 0 0
368 1120 224 1200 224 0 0
403 1168 272 1296 336 0 62_64_0_4354_10_0.1_-1_2_62_3
